1	3
2	2
3	1
4	2
5	2
6	2
7	2
8	4
9	6
10	1
11	1
12	1
13	1
14	1
16	1
17	1
18	1
23	1
24	1
25	1
26	1
27	1
28	1
29	1
30	1
31	1
32	1
33	1
34	1
35	1
36	1
37	1
38	1
78	1
90	1
103	1
130	1
139	1
140	1
159	1
175	1
179	1
184	1
186	1
187	1
191	1
195	1
196	1
205	1
214	1
218	1
234	1
236	1
237	1
243	1
244	1
245	1
247	1
253	1
255	1
256	1
260	1
262	1
264	1
268	1
272	1
275	1
280	1
281	1
282	1
284	1
286	1
287	1
289	1
290	1
291	1
292	1
293	1
294	1
295	1
298	1
299	1
301	1
302	1
303	1
304	1
305	1
306	1
307	1
309	1
313	1
317	1
321	1
324	1
326	1
327	1
331	1
333	1
335	1
336	1
337	1
342	1
343	1
345	1
347	1
351	1
356	1
358	1
359	1
360	1
361	1
364	1
365	1
366	1
373	1
377	1
378	1
382	1
395	1
402	1
403	1
405	1
409	1
420	1
430	1
431	1
500	1
547	1
2283	1
3748	1
5377	1
7425	1
7496	1
9024	1
9798	1
11553	1
12852	1
15612	1
16482	1
16650	1
17689	1
17892	1
18020	1
20608	1
21362	1
30122	1
33425	1
34610	1
37986	1
38253	2
39365	1
45567	1
46323	1
52828	1
54566	1
54594	1
59392	1
61132	1
61174	1
61851	1
66136	1
79456	1
79994	1
85130	1
89012	1
89065	1
90259	1
100109	1
107139	1
113550	1
121960	1
121974	1
124907	1
128991	1
176509	1
187567	1
194869	1
199942	1
200192	1
202637	1
202713	1
239115	1
240582	1
250331	1
257504	1
262166	1
262491	1
284041	1
294192	1
376384	1
380569	1
385175	1
385294	1
386462	1
386603	1
395334	1
407880	1
408133	1
412135	1
414291	1
427258	1
443031	1
449854	1
451517	1
454087	1
553213	1
561149	1
562897	1
566264	1
579624	1
593977	1
594574	1
602588	1
610145	1
635868	1
645510	1
665856	1
668080	1
668800	1
669495	1
669669	1
669712	1
670374	1
670507	1
671730	1
672673	1
673246	1
673440	1
674744	1
674896	1
675271	1
678750	1
681868	1
688136	1
706345	1
718952	1
736919	1
737412	1
895612	1
895793	1
932955	1
955083	1
970605	1
975104	1
978091	1
978424	1
981270	1
981526	1
986730	1
1024583	1
1031801	1
1037268	1
1040534	1
1043698	1
1065889	1
1067925	1
1075476	1
1090382	1
1100033	1
1107159	1
1190956	1
1192234	1
1192266	1
1192294	1
1192552	1
1203004	1
1318344	1
1374301	1
1374348	1
1375554	1
1392321	1
1462053	1
1471014	1
1534415	1
1537538	1
1593181	1
1605955	1
1610056	1
1620322	1
1623900	1
1643481	1
1723797	1
1752413	1
1753562	1
1753610	1
1756098	1
1780401	1
1783305	1
1866899	1
1875611	1
1879457	1
1880607	1
1880609	1
1882503	1
1883695	1
1898071	1
1914026	1
1938281	1
1938483	1
1938504	1
1942289	1
1987319	1
2067676	1
2068512	1
2068550	1
2068740	1
2068915	1
2102466	1
2102482	1
2102538	1
2102543	1
2137934	1
2153565	1
2154577	1
2245776	1
2283433	1
2332292	1
2341846	1
2396031	1
2398471	1
2422998	1
2452869	1
2517519	1
2531961	1
2599857	1
2611259	1
2621379	1
2854103	1
2899039	1
2901305	1
2948955	1
2997088	1
3109655	1
3142288	1
3164318	1
3364754	1
3409560	1
3486871	1
3511460	1
3572483	1
3684826	1
3725538	1
4105731	1
4154112	1
4166455	1
4424962	1
4457487	1
4689051	1
4786851	1
4829949	1
4848187	1
4890029	1
5063595	1
5145014	1
5355757	1
5387868	1
5474148	1
5523423	1
5667264	1
5791666	1
5963253	1
5963690	1
5986621	1
6187872	1
6616690	1
6857230	1
6915870	1
7085955	1
7092675	1
7140510	1
7266341	1
7335374	1
7337490	1
7357942	1
7359715	1
7370288	1
7371582	1
7427147	1
7436119	1
7529634	1
8464254	1
8536867	1
8542962	1
8553928	1
8629355	1
8654297	1
8657299	2
8675587	1
8762940	1
8762941	4
8762942	1
8762943	1
8762944	1
8762945	1
8762946	2
8762947	1
8762948	1
8762949	2
8762950	1
8762951	1
8762952	1
8762953	1
8762954	1
8762955	1
8762956	1
8762957	1
8762958	1
8762959	1
8762960	1
8762961	1
8762962	1
8762963	1
8762964	1
8762965	1
8762966	1
8762967	1
8762968	1
8762969	1
8762970	1
8762971	1
8762972	1
8762973	1
8762974	1
8762975	1
8762976	1
8762977	1
8762978	1
8762979	1
8762980	1
8762981	1
8762982	1
8762983	1
8762984	1
8762985	1
8762986	1
8762987	1
8762988	1
8762989	1
8762990	1
8762991	1
8762992	1
8762993	1
8762994	1
8762995	1
8762996	1
8762997	1
8762998	1
8762999	1
8763000	1
8763001	1
8763002	1
8763003	1
8763004	1
8763005	1
8763006	1
8763007	1
8763008	1
8763009	1
8763010	1
8763011	1
8763012	1
8763013	1
8763014	1
8763015	1
8763016	1
8763017	1
8763018	1
8763019	1
8763020	1
8763021	1
8763022	1
8763023	1
8763024	1
8763025	1
8763026	1
8763027	1
8763028	1
8763029	1
8763030	1
8763031	1
8763032	1
8763033	1
8763034	1
8763035	1
8763036	1
8763037	1
8763038	1
8763039	1
8763040	1
8763041	1
8763042	1
8763043	1
8763044	1
8763045	1
8763046	1
8763047	1
8763048	1
8763049	1
